641.63	9.6468e-11	1.6981	184.01	0.15995	111.22	22.433
638.84	1.7767e-11	0.093575	178.59	0.78118	114.69	24.358
642.85	2.2891e-13	2.8919	172.58	-1.5514	110.93	25.17
648.02	9.1266e-14	0.26607	176.1	-3.3873	113.75	16.809
652.77	1.7854e-12	2.8261	189.37	1.4856	102.47	19.066
657.85	3.71e-12	2.6495	181.71	4.8743	103.53	22.731
663.83	6.2771e-16	6.2566	196.72	2.8544	105.46	16.327
669.04	6.7719e-15	2.6461	172.84	1.6916	99.752	24.135
676.23	3.657e-16	4.1002	173.19	3.9546	108.28	6.0509
681.71	6.1167e-15	0.46203	171.96	7.6448	117.2	17.944
688.06	2.1102e-16	0.95646	167.9	3.0609	120.25	17.48
694.51	1.4257e-13	0.19282	179.5	1.3392	105.46	14.527
701.36	1.142e-17	6.0287	203.39	1.5215	105.54	10.099
708.44	5.8565e-19	4.1314	167.16	3.4715	104.15	4.0259
714.58	4.3349e-16	5.2008	187.19	3.5671	100.45	13.743
721.38	5.3313e-19	2.0392	196.94	6.8258	98.257	15.236
728.78	5.9848e-18	1.7943	169.66	1.2172	114.36	11.161
735.89	2.0261e-18	3.4212	168.32	6.8395	110.07	10.911
742.76	3.7136e-14	4.9321	178.05	2.2805	118.18	18.138
750.41	2.1946e-16	4.9736	177.88	7.0478	113.49	11.295
757.79	4.4014e-16	3.3189	175.3	-0.17608	118.24	12.456
765.03	2.4309e-18	3.5131	193.6	6.1359	97.905	13.759
772.66	1.4032e-15	3.1834	176.67	0.91873	107.24	13.656
780.43	1.0321e-15	0.077686	177.73	1.3306	108.86	11.851
787.46	1.0648e-15	4.8184	186.22	1.7537	99.028	21.317
816.72	1.363e-14	5.3347	176.22	2.9571	103.76	15.114
818.77	3.0099e-18	1.1362	162.46	1.6123	105.3	31.637
824.18	6.0597e-19	0.7584	164.57	1.7737	106.43	8.3837
828.12	8.284e-15	2.2347	182.98	6.0168	107.83	16.4
833.03	4.3795e-16	5.7648	158.36	-0.51204	109.98	14.183
838.1	4.351e-17	1.8654	191.82	0.11047	91.138	11.838
843.31	2.4095e-15	4.6932	182.02	1.0361	104.98	13.262
848.86	7.0027e-18	4.8714	162.92	9.1059	114.85	12.354
854.67	5.3625e-16	2.3632	189.72	-2.6912	104.77	7.8081
860.16	2.6469e-15	4.6001	185.93	2.7362	108.75	12.04
865.84	2.1593e-17	1.4369	168.05	-2.5906	110.84	15.462
872.01	1.1574e-15	6.0937	184.62	1.3548	120.54	14.338
877.18	5.0872e-17	5.313	187.72	2.1813	94.55	25.167
884.26	3.5451e-18	2.0128	200.17	3.3634	105.86	13.206
890.34	3.2302e-17	0.16371	193.13	2.7776	98.766	16.247
896.92	5.4962e-17	2.3296	176.48	4.1202	100.35	13.856
902.74	2.3571e-16	3.3339	194.45	6.3806	116.12	28.764
910.22	5.0554e-16	0.38419	179.24	6.6877	109.36	11.698
943.51	1.2752e-16	3.6926	173.39	6.7431	103.59	18.026
947.3	2.7514e-17	6.0009	172.24	-0.59548	100.52	16.482
954.4	2.0539e-19	1.6388	169.99	4.8245	112.06	4.974
960.9	4.2557e-19	4.0703	166.24	4.0486	90.665	24.295
969.79	9.3663e-16	1.2716	178.31	-1.9462	102.69	29.664
980.55	3.0453e-17	3.8967	181.47	8.6684	97.229	19.141
991.57	1.3553e-14	4.9171	191.57	1.9868	108.99	22.029
1004	1.0695e-17	0.97799	168.23	3.1067	115.25	14.827
1016	1.7047e-15	0.62449	186.49	5.1009	100.74	22.473
1030.1	8.7964e-17	2.1536	188.08	2.6288	100.43	12.03
1044.5	4.7877e-18	5.6015	193.14	4.6036	105.08	6.3794
1058.3	3.9067e-14	3.6794	180.31	-0.71799	108.23	20.449
1074	7.7454e-15	5.5956	185.92	-0.35094	115.04	14.234
1090	5.0529e-19	4.2013	209.67	3.0297	108.96	9.0527
1106.2	8.5371e-16	4.8159	182.28	2.8027	118.28	12.165
1191	1.4257e-17	4.0468	200.25	1.3057	118.19	18.539
1193.9	5.7058e-17	4.5063	177.71	-0.87984	98.003	15.557
1197.8	4.3003e-18	4.5595	174.39	3.9418	98.357	10.693
1201.7	7.9778e-17	3.206	172.73	4.2481	116.22	13.399
1205.9	1.3047e-15	1.5634	184.48	3.4525	108.86	10.887
1210.2	1.1227e-16	5.173	174.83	3.675	119.15	13.552
1213.8	8.3053e-18	6.2623	166.83	1.8334	102.34	24.535
1219	5.3809e-18	0.50154	162.94	5.7402	103.4	16.288
1223.7	7.0441e-18	4.3631	163.95	7.1656	104.58	15.717
1228.6	1.7429e-16	5.0549	186.06	-0.093374	99.191	13.854
1233.7	3.2383e-15	0.91036	187.1	-0.94816	108.87	12.388
1238.6	2.9505e-15	5.508	185.82	4.5701	107	13.489
1243.4	2.5393e-14	4.8275	186.91	-3.4829	110.22	17.934
1249.4	8.3389e-20	0.44441	163.2	0.90563	88.939	3.1354
1254	4.9822e-16	5.1541	182.51	1.3474	101.8	12.824
1258.7	9.3131e-17	3.8919	186.97	-3.3878	96.432	20.163
1264.3	1.5102e-14	2.9192	180.99	-1.8417	106.5	17.32
1269.8	4.6972e-17	5.8105	185.77	4.3565	89.863	12.698
1275.1	2.5789e-17	2.998	172.81	-0.33814	99.815	16.46
1280.3	1.4825e-15	3.2118	184.07	4.6943	100.26	20.285
1286.3	3.6098e-15	0.91256	178.35	2.1506	111.54	13.654
1291.5	8.3389e-20	3.7408	168.22	-1.358	94.431	18.017
1297.8	1.1525e-16	5.1518	180.07	2.7835	107.02	8.3826
1302.5	3.3495e-17	6.0355	178.6	-1.7353	94.046	21.182
1309.1	5.7204e-19	3.9574	169.41	2.7161	106.17	8.8892
1314.8	1.7079e-18	3.8419	172.28	-1.4087	99.611	8.2128
1320.4	3.8235e-18	4.4036	194.81	-3.288	100.25	11.868
1326.4	4.7193e-17	1.5339	191.96	4.987	109.8	8.9677
1331.9	1.9487e-17	2.975	196.64	3.1868	103.11	14.224
1427.1	1.4421e-18	5.461	173.77	6.5869	93.627	13.187
1430.4	7.0049e-17	0.65376	186.42	0.86369	105.44	3.2334
1432.6	1.8838e-17	4.6427	172.74	2.2775	113.89	9.6227
1434.7	6.28e-17	1.9764	185.87	2.7678	91.293	15.278
1439.6	8.3389e-20	1.3607	203.86	-2.4149	107.58	-20.506
1440.2	2.0233e-19	5.9497	170.46	6.8433	100.94	10.938
1443.1	8.3389e-20	5.6654	151.64	2.225	121.21	7.9303
1445.9	1.1047e-19	3.4785	199.34	2.2007	116.01	4.6962
1447.5	2.5966e-15	1.6567	185.16	4.4481	121.46	23.136
1450.2	8.6316e-15	3.1137	177.06	0.95482	116.23	19.642
1453	1.1977e-15	0.90063	177.27	4.5959	104.91	15.505
1455.8	8.3466e-18	5.3158	170.7	3.492	105.01	12.18
1458.5	1.1906e-15	1.1396	180.91	0.56492	107.11	11.182
1460.8	4.5628e-17	2.9119	166.26	6.5058	111.84	17.812
1464.3	6.4842e-18	4.6307	181.11	9.3092	110.77	3.9693
1466.1	1.0548e-17	4.2698	196.24	3.5434	100.81	15.041
1468.8	1.6028e-15	2.6306	177.91	-0.29775	104.46	14.728
1471.6	1.7465e-15	5.6395	184.61	4.747	108.06	12.039
1473.4	1.0822e-17	2.6639	192.57	0.80936	93.959	24.099
1476.9	7.7387e-18	4.276	191.65	5.3945	98.712	11.391
1478.8	1.1487e-14	5.2552	186.8	1.9069	103.55	23.817
1482.1	1.1424e-15	3.8265	188.65	5.3452	119.24	15.953
1484.6	1.3608e-16	4.1735	190.56	-0.69752	99.713	14.98
1487.3	9.8162e-16	2.9119	192.29	0.54282	105.41	14.829
1490.6	4.6819e-17	1.4578	181.63	4.0489	122.93	5.4107
1493.8	2.2888e-17	2.3735	177.26	-0.84749	86.509	-3.1655
1495.3	1.4529e-17	1.246	184.51	8.0835	95.755	13.979
1497.6	8.8855e-15	0.89696	179.32	-0.91111	104.2	19.552
1500.9	8.3389e-20	6.1839	202.07	5.2229	99.253	9.2708
1636.6	2.3498e-18	5.0218	203.93	2.3266	100.32	19.279
1639.9	2.431e-15	6.0714	178.01	-0.93955	107.04	13.898
1643.8	1.3775e-15	1.4411	178.74	1.3494	114.82	12.15
1647.7	1.6203e-18	3.8463	158.7	3.7141	105.65	11.894
1651.3	6.6531e-15	1.3241	189.26	0.18787	103.44	20.665
1655.6	3.4678e-17	0.56541	201.12	3.0744	105.6	22.312
1660.5	1.8423e-14	4.1908	181.13	2.596	109.12	16.449
1665.3	7.1324e-16	3.5639	175.19	2.9706	106.02	14.75
1670.1	1.143e-15	3.0576	177.49	-1.2166	104.13	14.687
1675	6.6751e-17	0.28516	172.75	9.0168	112.67	15.378
1679.6	4.8288e-17	3.1138	167.13	-2.4906	107.38	20.21
1684.5	4.3504e-14	4.8725	182.9	4.7783	110.95	23.343
1690.3	1.7601e-15	3.1419	189.06	-1.9211	117.54	14.102
1695.4	1.6046e-17	3.896	177.26	-3.5489	94.626	12.678
1701.2	8.9881e-20	3.7201	168.68	3.5052	114.52	5.9342
1707.2	3.9548e-18	0.38452	173.56	0.93185	101.9	-4.1256
1711.5	6.9643e-15	3.5792	186.65	2.9189	111.42	13.775
1716.9	9.9626e-20	4.733	169.41	5.5745	91.277	12.208
1722.3	8.3389e-20	6.1136	164.94	3.915	93.835	14.377
1727.9	8.3389e-20	5.2113	167.26	7.7098	96.73	14.222
1733.4	2.1636e-17	3.8667	176.44	3.2284	98.183	14.614
1738.8	6.4106e-16	0.75633	194.01	1.2392	102.82	20.427
1744.7	3.6522e-16	1.0831	171	1.9561	110.42	17.679
1750.8	1.8086e-17	1.4575	180.73	6.8172	95.733	10.947
1756.4	1.1248e-17	4.9396	167.59	8.5987	106.47	15.384
1762.1	7.197e-19	5.6325	203.23	3.9513	99.743	16.132
1768.7	1.3263e-17	2.0796	191.85	2.3823	115.17	5.986
1774.2	8.3389e-20	5.5663	158.82	-3.083	97.244	11.332
1780	8.3389e-20	3.1539	157.66	-1.3233	96.262	14.128
