587.29	4.778e-17	5.8013	43.289	-3.0875	157.41	4.0078
589.62	3.4866e-15	2.2835	35.165	-7.2673	208.15	-3.6762
593.37	1.2693e-15	1.7312	63.265	1.2972	183.48	12.459
595.56	4.6503e-17	1.1439	225.68	-5.5349	166.97	6.5605
599.09	2.2654e-16	0.35614	209.04	-8.2595	212.83	3.1693
601.32	2.8166e-16	0.18215	46.954	-5.1363	162.64	2.9008
603.73	8.7243e-17	3.9485	238.79	-6.2343	213.18	-4.1137
607.58	8.5101e-17	1.4352	45.825	-1.6548	208.56	1.7655
610.39	7.3673e-17	0.31203	34.971	-6.2353	194.66	0.81024
613.72	2.6641e-16	4.3713	198.55	-3.7793	182.18	10.287
615.47	2.7263e-16	2.3781	74.66	-2.2211	212.37	-5.2758
619.19	2.944e-17	1.0995	213.46	-6.755	164.11	2.579
621.53	7.4894e-17	0.95934	42.996	-4.4681	208.5	-5.5815
624.72	3.358e-17	1.3532	36.63	-4.2278	210.24	-4.3202
627.62	3.8255e-17	3.7358	42.672	-0.17783	199.98	-6.0772
630.46	6.0776e-17	2.2648	193.26	-4.5872	203.7	-7.3519
634.86	2.9149e-17	2.0519	37.712	0.37867	210.46	2.6071
637	9.7232e-17	2.9148	220.99	-5.1744	200.32	-4.6307
640.5	1.3818e-17	5.4361	54.839	-0.40729	162.75	3.7541
643.72	1.2489e-17	4.4386	36.914	1.3484	171.08	6.7252
646.78	1.4268e-17	1.2299	36.082	2.7611	171.14	1.1784
649.18	1.4818e-17	3.1309	48.808	0.51331	160.65	12.33
652.86	5.2968e-17	0.31152	41.805	2.013	170.48	9.0671
656.27	1.7377e-17	3.6403	54.158	-8.214	177.1	5.4468
658.96	1.5315e-17	5.7331	212.93	-5.8077	168.38	14.277
662.81	1.2425e-17	0.10666	226.78	-8.6807	186.61	7.7073
665.05	8.1094e-18	3.7164	40.711	-4.3589	209.95	-2.6224
668.57	1e-18	5.6321	38.879	0.10405	160.12	0.53149
671.74	1e-18	3.6266	53.103	-2.2664	170.38	7.9229
702.64	3.1896e-16	2.4973	213.65	-0.84452	209.25	0.99543
705.16	5.0953e-17	3.1006	51.662	-2.2459	206.67	-2.8672
709.67	6.6267e-17	2.5616	57.082	0.53873	212.37	0.30024
713.63	8.2219e-17	1.6928	213.41	-9.8067	160.83	11.088
719.63	1.4639e-17	4.0742	45.846	-1.4296	211.61	3.4628
724.17	1.8526e-17	0.45132	23.717	-1.9322	159.87	3.19
728.68	2.4489e-18	0.23606	207.54	-11.486	205.78	-7.6141
735.29	7.7586e-18	1.4361	53.893	2.1965	168.93	5.3906
741.26	1e-18	1.7709	201.29	-1.8996	173.36	6.3681
747.19	6.8106e-18	4.9548	195.87	-1.6915	171.71	8.423
753.28	2.4639e-17	3.6959	200.59	-7.7871	203.99	-0.43976
759.97	1e-18	1.2051	205.07	-2.2211	182.06	7.9825
944.7	1.0109e-18	4.2365	174.72	6.5966	101.9	18.297
948.41	4.3554e-18	0.22563	173.39	-0.58805	99.454	16.738
954.71	1e-18	1.7797	171.35	4.7286	110.38	5.0265
962.58	1e-18	4.8433	167.46	4.0064	89.721	24.735
971.7	1e-18	2.1466	179.47	-1.9021	100.92	30.092
981.85	1e-18	4.4956	182.51	8.5315	96.177	19.461
992.93	1e-18	5.5442	192.41	1.9505	107.75	22.306
1004.8	1e-18	1.3783	169.55	3.0503	113.57	14.95
1017.5	1e-18	1.3076	187.42	5.0152	99.638	22.812
1030.9	1e-18	2.5269	188.98	2.5837	99.4	12.215
1044.9	1e-18	5.7938	193.94	4.5199	104.01	6.4671
1059.6	1e-18	4.2667	181.24	-0.70829	107.15	20.686
1074.8	1e-18	5.9802	186.75	-0.3435	113.57	14.336
1090.6	1e-18	4.4643	210.13	2.9648	107.81	9.1653
1106.9	1e-18	5.1311	183.12	2.7665	117.23	12.261
1192	1e-18	4.523	200.81	1.2837	117.09	18.682
1194.9	1e-18	4.9926	178.59	-0.86949	97.162	15.765
1198.5	1e-18	4.896	175.44	3.8721	97.11	10.843
1202.5	1e-18	3.5615	173.57	4.2094	115.3	13.501
1206.6	1e-18	1.879	185.27	3.3868	107.58	10.985
1210.9	1e-18	5.5185	175.65	3.64	118.22	13.642
1215.4	1e-18	0.71279	168	1.8056	100.94	24.835
1220	1e-18	0.99136	163.87	5.7026	102.59	16.464
1224.7	1e-18	4.8318	164.87	7.1169	103.77	15.881
1229.6	1e-18	5.4865	186.82	-0.091548	97.996	14.03
1234.5	1e-18	1.2681	187.83	-0.93537	107.95	12.513
1239.4	1e-18	5.9043	186.56	4.4839	105.76	13.617
1244.5	1e-18	5.3348	187.61	-3.4176	108.95	18.078
1249.6	1e-18	0.54781	164.46	0.89279	87.837	3.1919
1254.8	1e-18	5.5466	183.29	1.3307	100.96	12.976
1260.1	1e-18	4.5221	187.73	-3.3405	95.593	20.434
1265.4	1e-18	3.4263	181.77	-1.8204	105.61	17.497
1270.8	1e-18	6.2242	186.54	4.2718	88.813	12.9
1276.2	1e-18	3.5068	173.82	-0.33267	98.594	16.667
1281.6	1e-18	3.8312	184.84	4.6348	99.407	20.527
1287.2	1e-18	1.2951	179.12	2.1283	110.68	13.771
1292.7	1e-18	4.3129	169.32	-1.3376	93.256	18.282
1298.3	1e-18	5.3988	180.84	2.7529	106.19	8.4654
1304	1e-18	0.42006	179.42	-1.7158	93.285	21.461
1309.7	1e-18	4.2218	170.43	2.6765	104.96	8.9777
1315.4	1e-18	4.0987	173.27	-1.3868	98.463	8.3147
1321.2	1e-18	4.7712	195.43	-3.2383	99.423	12.013
1327	1e-18	1.7914	192.52	4.8962	108.67	9.0356
1332.8	1e-18	3.4053	197.22	3.1383	102.25	14.385
1428	1e-18	5.8838	174.68	6.4888	92.612	13.364
1430.6	1e-18	0.7506	187.07	0.85362	104.68	3.2645
1433.1	1e-18	4.9067	173.6	2.2461	112.76	9.6813
1435.7	1e-18	2.4691	186.54	2.7203	90.335	15.484
1438.3	1e-18	0.7703	204.15	-2.3723	106.53	-20.654
1440.9	1e-18	0.0033333	171.23	6.7911	100.26	11.048
1443.5	1e-18	5.863	152.77	2.2075	120.01	7.9604
1446.1	1e-18	3.6043	199.7	2.1636	115	4.7179
1448.7	1e-18	2.2156	185.77	4.4021	120.59	23.254
1451.4	1e-18	3.6283	177.74	0.94658	115.42	19.765
1454	1e-18	1.3613	177.98	4.5537	104.17	15.647
1456.6	1e-18	5.68	171.6	3.445	103.91	12.293
1459.2	1e-18	1.4681	181.63	0.55626	106.05	11.273
1461.9	1e-18	3.4049	166.99	6.4668	111.11	17.937
1464.5	1e-18	4.7437	181.78	9.2182	110.02	4.0004
1467.1	1e-18	4.7314	196.68	3.4819	99.829	15.185
1469.8	1e-18	3.0712	178.68	-0.29334	103.39	14.862
1472.4	1e-18	5.9896	185.26	4.6726	107.01	12.131
1475.1	1e-18	3.4185	193.1	0.7953	92.966	24.382
1477.7	1e-18	4.6319	192.25	5.3251	97.994	11.518
1480.3	1e-18	5.9596	187.41	1.8762	102.47	24.028
1483	1e-18	4.2305	189.23	5.2863	118.42	16.043
1485.6	1e-18	4.6363	191.15	-0.68879	98.983	15.141
1488.3	1e-18	3.3514	192.86	0.536	104.64	14.968
1490.9	1e-18	1.5887	182.24	4.0118	122.16	5.4356
1493.6	1e-18	2.2689	178	-0.83919	85.966	-3.2078
1496.2	1e-18	1.6883	185.17	7.9933	95.085	14.139
1498.9	1e-18	1.4769	180	-0.90248	103.46	19.729
1501.5	1e-18	0.19018	202.53	5.1454	98.514	9.3757
1637.9	1e-18	5.6101	204.19	2.2896	99.443	19.441
1640.8	1e-18	0.19415	178.63	-0.93182	106.38	14.005
1644.5	1e-18	1.7692	179.39	1.3319	113.85	12.209
1648.4	1e-18	4.1986	159.39	3.7001	105.06	11.982
1652.6	1e-18	1.9389	189.8	0.18585	102.74	20.845
1657	1e-18	1.2156	201.42	3.0271	104.67	22.465
1661.6	1e-18	4.6606	181.76	2.5612	108.16	16.555
1666.2	1e-18	3.9979	175.82	2.9483	105.38	14.863
1671	1e-18	3.4967	178.11	-1.2067	103.49	14.807
1675.9	1e-18	0.70915	173.5	8.9108	111.68	15.462
1680.9	1e-18	3.6969	167.96	-2.4635	106.37	20.357
1685.9	1e-18	5.5178	183.49	4.7144	109.96	23.476
1691.1	1e-18	3.508	189.56	-1.9023	116.83	14.178
1696.3	1e-18	4.3001	177.96	-3.5023	93.772	12.815
1701.6	1e-18	3.8818	169.45	3.4674	113.56	5.9639
1706.9	1e-18	0.25762	174.3	0.92054	101.01	-4.1618
1712.3	1e-18	3.9648	187.16	2.8793	110.51	13.85
1717.8	1e-18	5.1279	170.23	5.5098	90.446	12.354
1723.3	1e-18	0.28934	165.81	3.8739	92.964	14.54
1728.8	1e-18	5.6579	167.92	7.6654	96.189	14.35
1734.4	1e-18	4.3225	177.14	3.1878	97.312	14.754
1740.1	1e-18	1.367	194.48	1.2253	102.15	20.601
1745.8	1e-18	1.5793	171.6	1.9442	109.79	17.789
1751.6	1e-18	1.8051	181.36	6.7273	94.912	11.057
1757.4	1e-18	5.3897	168.22	8.5521	105.88	15.491
1763.2	1e-18	6.1291	203.49	3.8927	98.943	16.261
1769.1	1e-18	2.2412	192.26	2.3503	114.31	6.0107
1775	1e-18	5.9233	159.74	-3.0563	96.365	11.448
1780.9	1e-18	3.5997	158.58	-1.3122	95.381	14.276
