587.39	2.8913e-15	5.8441	42.931	-3.1131	156.83	4.0172
589.85	4.159e-16	2.389	34.627	-7.9214	206.98	-3.3864
593.1	1.0309e-16	1.6104	65.195	1.4028	180.34	11.689
595.6	9.2467e-16	1.1658	225.32	-5.2852	164.83	6.3758
598.86	5.4848e-17	0.2517	209.32	-7.9494	212.69	3.0494
601.37	2.7922e-16	0.20519	44.687	-5.3895	159.2	2.9465
604.03	7.2338e-17	4.0835	238.52	-5.9703	212.32	-3.9486
607.47	2.3651e-16	1.3838	46.243	-1.7945	207.52	1.6343
610.35	4.8903e-17	0.29533	36.835	-6.5393	195.42	0.76668
613.5	6.3874e-17	4.2729	199.86	-3.6519	180.28	10.03
615.83	2.8772e-17	2.5459	77.035	-2.3535	211.78	-4.9235
619.22	1.899e-16	1.1146	213.69	-6.4374	161.8	2.5095
621.88	1.4329e-16	1.1216	43.169	-4.8406	207.47	-5.1729
625	1.2336e-16	1.4827	35.577	-4.5813	208.66	-4.0056
627.95	1.0853e-17	3.8855	44.816	-0.18548	201	-5.7652
630.89	1.4571e-17	2.461	194.52	-4.4715	202.68	-7.145
634.69	6.3962e-17	1.9726	37.443	0.40992	209.59	2.4164
637.24	3.211e-17	3.0278	220.83	-4.989	199.72	-4.4709
640.55	6.2679e-16	5.4592	54.621	-0.41141	162.14	3.7563
643.7	5.2247e-17	4.4332	38.712	1.4182	170.16	6.3572
646.78	3.2463e-17	1.2305	33.525	2.8663	167.83	1.1851
649.43	2.5174e-17	3.2476	46.808	0.53739	157.42	12.531
652.88	9.942e-18	0.32087	39.509	2.0956	167.23	9.1301
656.2	2.2503e-17	3.6062	53.903	-8.2657	176.66	5.4484
659.03	1e-18	5.766	213.75	-5.5669	165.97	14.012
662.59	2.2748e-17	0.0047891	227	-8.316	184.78	7.4817
665.23	4.8124e-18	3.7996	42.667	-4.5283	211.45	-2.5109
668.58	1.2244e-18	5.6366	38.544	0.10459	159.69	0.53272
671.73	3.7497e-18	3.6229	52.861	-2.2831	169.89	7.9262
702.57	8.9641e-17	2.4666	213.74	-0.81727	209.01	0.96353
705.34	3.1267e-16	3.1812	52.432	-2.403	205.67	-2.6861
709.65	2.6063e-17	2.552	58.185	0.57381	211.81	0.28166
713.83	8.4999e-17	1.789	214.17	-9.4152	158.43	10.944
719.4	1.4052e-16	3.9654	46.196	-1.5295	210.97	3.2436
724.23	8.8209e-17	0.47793	23.845	-1.947	159.66	3.1677
729.15	2.428e-17	0.45181	207.85	-11.113	205.4	-7.368
735.31	3.5883e-17	1.4473	52.327	2.2867	166.18	5.4365
741.23	2.7834e-18	1.7563	201.97	-1.8265	171.65	6.1902
747.18	4.1576e-18	4.9476	197.06	-1.6438	169.89	8.2849
753.31	1.2121e-18	3.7078	201.51	-7.5974	203.13	-0.42876
759.8	1.0848e-18	1.1271	205.54	-2.1413	180.75	7.747
809.48	1e-18	0.071157	28.929	-7.3764	182.9	7.0335
813.28	3.0138e-18	0.028572	216.43	-7.8794	201.31	1.9562
819.95	1e-18	1.3075	24.077	-4.1796	162.1	7.8976
828.76	2.6141e-18	2.7131	216.52	-1.7486	208.4	-3.0217
839.8	1.7418e-18	2.9243	212.68	-4.2799	217.69	2.7278
851.02	2.718e-18	4.5827	38.451	-4.451	209.6	-4.0822
865.11	1.5032e-18	0.36608	59.331	3.8743	207.02	8.0043
878.45	1e-18	1.934	197.15	-4.1934	202.3	-1.5626
893.72	1e-18	3.989	221.34	-9.2902	203.56	-0.0065647
910.89	1e-18	5.9225	43.073	-2.1821	208.28	12.664
926.68	1e-18	3.7208	48.183	4.0386	163.95	6.3486
943.85	1e-18	5.0113	215.87	-11.639	208.7	-8.7107
962.96	1e-18	4.0765	215.65	-8.8508	225.2	-2.3511
982.45	1e-18	0.63319	223.13	-0.066584	202.43	-2.1959
1003	1e-18	5.045	50.002	-1.4742	196.32	4.3477
1023.1	1e-18	3.5769	31.684	-6.251	216.82	-4.1252
1045	1e-18	1.9266	199.19	-9.1705	170.1	9.2189
1067.1	1e-18	5.9677	47.732	-1.575	166.19	2.6526
1090	1e-18	2.2711	40.081	-3.1717	162.6	-0.40445
1113.2	1e-18	0.061703	60.152	-5.2617	166.98	12.408
1138	1e-18	5.6534	205.48	-7.7364	182.59	20.829
1161.9	1e-18	5.2188	29.129	-2.0428	174.86	-3.0881
1187	1e-18	0.77115	39.502	-4.5999	166.38	4.4495
1212.7	1e-18	4.109	223.77	-11.653	162.69	4.4386
1240	1e-18	5.0521	39.827	0.3142	212.45	10.451
1266	1e-18	1.4762	38.949	-4.6429	205.05	1.8242
1292.8	1e-18	2.443	217.24	-3.897	162.45	16.161
1321.7	1e-18	2.7792	226.33	-8.6962	203.53	9.1365
1348.5	1e-18	4.1576	230.57	-3.9893	215.77	-7.6648
1441.8	1e-18	3.8372	212.75	0.56203	215.68	-19.051
1446.7	1e-18	0.1211	205.66	-0.29465	162.49	2.478
1450.5	1e-18	5.1645	47.499	-0.38118	171.08	5.623
1454.2	1e-18	4.9346	31.793	-1.1252	213.4	-4.4012
1458.5	1e-18	5.3102	203.89	-6.3933	211.95	-6.3013
1463.5	1e-18	3.6416	48.427	-1.6188	204.37	-2.25
1468.2	1e-18	3.7341	220.01	-1.184	216.79	-3.4222
1473.4	1e-18	2.261	28.592	-2.4823	208.7	-0.86684
1478.3	1e-18	6.2634	217.74	-10.408	150.39	6.9225
1483.2	1e-18	4.1644	217.46	-4.3693	204.63	-8.3475
1489.4	1e-18	6.0738	229.04	-5.2148	179.28	11.178
1494.3	1e-18	3.6896	219.57	-6.5291	211.32	-2.7818
1499.8	1e-18	6.2052	230.89	-7.9232	210.68	-3.3195
1506	1e-18	5.732	37.425	0.53589	184.03	7.0871
1511.2	1e-18	1.3561	196.38	-7.6036	209.44	-3.2181
1516.2	1e-18	3.8857	222.22	-8.2032	209.82	-11.69
1523.7	1e-18	5.3637	216.42	-2.5312	186.8	15.719
