587.29	4.778e-17	5.8013	43.289	-3.0875	157.41	4.0078
589.62	3.4866e-15	2.2835	35.165	-7.2673	208.15	-3.6762
593.37	1.2693e-15	1.7312	63.265	1.2972	183.48	12.459
595.56	4.6503e-17	1.1439	225.68	-5.5349	166.97	6.5605
599.09	2.2654e-16	0.35614	209.04	-8.2595	212.83	3.1693
601.32	2.8166e-16	0.18215	46.954	-5.1363	162.64	2.9008
603.73	8.7243e-17	3.9485	238.79	-6.2343	213.18	-4.1137
607.58	8.5101e-17	1.4352	45.825	-1.6548	208.56	1.7655
610.39	7.3673e-17	0.31203	34.971	-6.2353	194.66	0.81024
613.72	2.6641e-16	4.3713	198.55	-3.7793	182.18	10.287
615.47	2.7263e-16	2.3781	74.66	-2.2211	212.37	-5.2758
619.19	2.944e-17	1.0995	213.46	-6.755	164.11	2.579
621.53	7.4894e-17	0.95934	42.996	-4.4681	208.5	-5.5815
624.72	3.358e-17	1.3532	36.63	-4.2278	210.24	-4.3202
627.62	3.8255e-17	3.7358	42.672	-0.17783	199.98	-6.0772
630.46	6.0776e-17	2.2648	193.26	-4.5872	203.7	-7.3519
634.86	2.9149e-17	2.0519	37.712	0.37867	210.46	2.6071
637	9.7232e-17	2.9148	220.99	-5.1744	200.32	-4.6307
640.5	1.3818e-17	5.4361	54.839	-0.40729	162.75	3.7541
643.72	1.2489e-17	4.4386	36.914	1.3484	171.08	6.7252
646.78	1.4268e-17	1.2299	36.082	2.7611	171.14	1.1784
649.18	1.4818e-17	3.1309	48.808	0.51331	160.65	12.33
652.86	5.2968e-17	0.31152	41.805	2.013	170.48	9.0671
656.27	1.7377e-17	3.6403	54.158	-8.214	177.1	5.4468
658.96	1.5315e-17	5.7331	212.93	-5.8077	168.38	14.277
662.81	1.2425e-17	0.10666	226.78	-8.6807	186.61	7.7073
665.05	8.1094e-18	3.7164	40.711	-4.3589	209.95	-2.6224
668.57	1e-18	5.6321	38.879	0.10405	160.12	0.53149
671.74	1e-18	3.6266	53.103	-2.2664	170.38	7.9229
817.22	3.3825e-18	5.5625	176.94	2.9185	102.79	15.243
819.76	1.8181e-17	1.5872	163.14	1.6047	104.61	31.869
824.45	1.9776e-16	0.88258	165.24	1.7646	105.83	8.4461
828.64	3.795e-17	2.4724	183.56	5.9614	107.14	16.524
833.47	1.1972e-17	5.9674	159.3	-0.50751	108.96	14.28
838.52	7.6148e-18	2.0576	192.29	0.10878	90.347	11.974
843.74	8.5532e-18	4.8915	182.63	1.0221	104.06	13.364
849.23	9.6117e-18	5.0388	163.78	9.0186	113.85	12.417
854.93	1e-18	2.4807	190.24	-2.663	104.12	7.8729
860.54	3.4414e-18	4.7741	186.47	2.7103	108.09	12.127
866.31	1e-18	1.6552	168.83	-2.5631	109.88	15.556
872.4	1.5151e-18	6.2725	185.13	1.3433	119.86	14.402
878.04	1e-18	5.7055	188.24	2.1505	93.692	25.416
884.69	1e-18	2.2085	200.57	3.3233	105.19	13.312
890.89	1e-18	0.41602	193.61	2.7471	98.153	16.398
897.39	1e-18	2.5433	177.07	4.0895	99.784	13.972
903.55	1e-18	3.7035	194.88	6.3155	115.37	28.916
910.59	1e-18	0.55246	179.83	6.6079	108.5	11.768
944.1	9.9312e-18	3.9627	174.06	6.6699	102.74	18.159
947.85	1.3757e-18	6.2534	172.81	-0.59179	99.986	16.609
954.55	2.7958e-18	1.7088	170.67	4.7767	111.22	4.9997
961.74	1e-18	4.4549	166.85	4.0277	90.192	24.513
970.74	1e-18	1.7063	178.9	-1.9242	101.81	29.874
981.2	1e-18	4.1945	181.99	8.6002	96.702	19.299
992.25	1.0443e-18	5.2288	191.99	1.9687	108.37	22.166
1004.4	1e-18	1.1767	168.9	3.0786	114.41	14.887
1016.8	1e-18	0.9642	186.96	5.0581	100.19	22.641
1030.5	1e-18	2.3392	188.53	2.6063	99.916	12.121
1044.7	1e-18	5.6971	193.54	4.5618	104.55	6.4227
1058.9	1e-18	3.9715	180.78	-0.71316	107.69	20.566
1074.4	1e-18	5.7867	186.34	-0.34721	114.3	14.284
1090.3	1e-18	4.332	209.9	2.9972	108.38	9.1083
1106.6	1e-18	4.9726	182.7	2.7847	117.75	12.212
1191.5	1e-18	4.2836	200.53	1.2947	117.64	18.609
1194.4	1e-18	4.7484	178.15	-0.87469	97.582	15.66
1198.2	1e-18	4.7269	174.92	3.9069	97.732	10.767
1202.1	1e-18	3.3829	173.15	4.2288	115.76	13.45
1206.3	1e-18	1.7204	184.88	3.4196	108.22	10.935
1210.6	1e-18	5.3449	175.24	3.6576	118.69	13.597
1214.6	1e-18	0.34401	167.42	1.8195	101.64	24.683
1219.5	1e-18	0.74543	163.41	5.7216	103	16.375
1224.2	1e-18	4.5965	164.41	7.1415	104.17	15.798
1229.1	1e-18	5.2697	186.44	-0.092459	98.592	13.941
1234.1	1e-18	1.0884	187.47	-0.94177	108.41	12.45
1239	1e-18	5.7051	186.19	4.5269	106.38	13.552
1243.9	1e-18	5.0798	187.26	-3.4502	109.58	18.005
1249.5	1e-18	0.49584	163.83	0.89924	88.385	3.1634
1254.4	1e-18	5.3495	182.9	1.339	101.38	12.9
1259.4	1e-18	4.2057	187.35	-3.3641	96.012	20.298
1264.8	1e-18	3.1716	181.38	-1.8311	106.06	17.408
1270.3	1e-18	6.0164	186.16	4.3141	89.336	12.798
1275.6	1e-18	3.2512	173.32	-0.33541	99.203	16.562
1281	1e-18	3.5202	184.46	4.6646	99.832	20.405
1286.7	1e-18	1.103	178.73	2.1395	111.11	13.712
1292.1	1e-18	4.0254	168.77	-1.3478	93.841	18.148
1298.1	1e-18	5.2748	180.46	2.7682	106.61	8.4236
1303.2	1e-18	0.084878	179.01	-1.7256	93.665	21.321
1309.4	1e-18	4.0889	169.92	2.6963	105.56	8.9328
1315.1	1e-18	3.9697	172.77	-1.3978	99.036	8.2632
1320.8	1e-18	4.5866	195.12	-3.2632	99.837	11.94
1326.7	1e-18	1.6621	192.24	4.9415	109.24	9.0011
1332.3	1e-18	3.1892	196.93	3.1625	102.68	14.303
1427.6	1e-18	5.6715	174.22	6.5379	93.118	13.275
1430.5	1e-18	0.70199	186.75	0.85866	105.06	3.2488
1432.9	1e-18	4.7741	173.17	2.2618	113.32	9.6515
1435.2	1e-18	2.2217	186.21	2.744	90.813	15.38
1439	1e-18	1.0667	204	-2.3935	107.06	-20.579
1440.5	1e-18	6.1175	170.84	6.8174	100.6	10.993
1443.3	1e-18	5.7637	152.21	2.2164	120.61	7.9449
1446	1e-18	3.5411	199.52	2.1821	115.5	4.7068
1448.1	1e-18	1.9349	185.46	4.4252	121.03	23.194
1450.8	1e-18	3.3699	177.4	0.95071	115.82	19.703
1453.5	1e-18	1.1301	177.62	4.5749	104.54	15.575
1456.2	1e-18	5.4971	171.15	3.4685	104.46	12.236
1458.9	1e-18	1.3031	181.27	0.56059	106.58	11.227
1461.3	1e-18	3.1575	166.62	6.4865	111.48	17.874
1464.4	1e-18	4.687	181.45	9.2638	110.39	3.9847
1466.6	1e-18	4.4997	196.46	3.5126	100.32	15.112
1469.3	1e-18	2.8499	178.3	-0.29554	103.93	14.794
1472	1e-18	5.8138	184.94	4.7098	107.53	12.084
1474.2	1e-18	3.0397	192.83	0.80231	93.461	24.239
1477.3	1e-18	4.4533	191.95	5.3598	98.352	11.454
1479.6	1e-18	5.606	187.1	1.8915	103.01	23.922
1482.5	1e-18	4.0277	188.94	5.3158	118.83	15.998
1485.1	1e-18	4.4041	190.85	-0.69315	99.348	15.06
1487.8	1e-18	3.1308	192.58	0.53941	105.03	14.898
1490.8	1e-18	1.523	181.94	4.0304	122.55	5.423
1493.7	1e-18	2.3214	177.63	-0.84335	86.237	-3.1865
1495.7	1e-18	1.4663	184.84	8.0385	95.42	14.058
1498.2	1e-18	1.1859	179.66	-0.90681	103.83	19.64
1501.2	1e-18	0.044888	202.3	5.1841	98.883	9.3229
1637.3	1e-18	5.3149	204.06	2.308	99.881	19.36
1640.4	1e-18	6.2737	178.32	-0.9357	106.71	13.951
1644.1	1e-18	1.6045	179.06	1.3406	114.33	12.179
1648.1	1e-18	4.0219	159.05	3.7072	105.35	11.938
1652	1e-18	1.6305	189.53	0.18686	103.09	20.754
1656.3	1e-18	0.88933	201.27	3.0507	105.13	22.388
1661.1	1e-18	4.4248	181.45	2.5786	108.64	16.501
1665.8	1e-18	3.7802	175.51	2.9595	105.7	14.806
1670.5	1e-18	3.2764	177.8	-1.2117	103.81	14.746
1675.4	1e-18	0.49629	173.13	8.9638	112.18	15.419
1680.2	1e-18	3.4042	167.55	-2.4771	106.87	20.283
1685.2	1e-18	5.1939	183.2	4.7463	110.45	23.409
1690.7	1e-18	3.3242	189.31	-1.9117	117.19	14.14
1695.8	1e-18	4.0973	177.61	-3.5256	94.198	12.746
1701.4	1e-18	3.8006	169.07	3.4864	114.04	5.9488
1707	1e-18	0.32131	173.93	0.9262	101.46	-4.1435
1711.9	1e-18	3.7713	186.91	2.8991	110.97	13.812
1717.3	1e-18	4.9298	169.82	5.5422	90.86	12.28
1722.8	1e-18	0.059032	165.38	3.8945	93.398	14.458
1728.3	1e-18	5.4339	167.59	7.6878	96.459	14.286
1733.9	1e-18	4.0938	176.79	3.2081	97.747	14.684
1739.4	1e-18	1.0607	194.25	1.2323	102.49	20.514
1745.3	1e-18	1.3304	171.3	1.9502	110.11	17.734
1751.2	1e-18	1.6307	181.04	6.7722	95.322	11.002
1756.9	1e-18	5.164	167.91	8.5755	106.17	15.437
1762.6	1e-18	5.88	203.36	3.9219	99.343	16.196
1768.9	1e-18	2.1601	192.06	2.3663	114.74	5.9981
1774.6	1e-18	5.7441	159.28	-3.0697	96.803	11.389
1780.4	1e-18	3.376	158.12	-1.3178	95.82	14.202
